859
409
-176
-457
240
258
69
27
1286
585
-67
538
430
42
-28
-224
830
629
-468
252
482
608
258
-157
501
96
-4
23
67
749
84
-7
533
358
276
139
66
273
552
-39
591
331
388
280
306
203
0
-447
1291
384
496
80
120
260
-268
595
670
751
154
243
291
178
548
-506
171
209
241
-486
1343
710
374
21
1203
25
-212
-508
1100
71
-404
-563
762
425
399
123
110
281
486
392
656
511
314
159
1026
621
594
-547
195
384
164
46
112
16
267
347
1237
513
333
-565
524
382
-324
256
295
373
-459
58
704
138
562
-578
888
84
376
189
1271
75
-93
485
1051
538
-358
130
992
673
-179
529
1350
400
-404
556
1056
658
403
233
1186
503
237
-189
1212
67
376
439
669
326
133
114
413
56
388
-77
850
347
-318
-152
195
103
-169
-175
1281
98
240
201
856
547
564
543
775
305
-546
278
1160
649
149
578
221
126
149
3
637
554
-569
259
664
207
144
-195
959
303
398
-308
1128
37
-296
-391
676
435
-435
-235
1295
527
65
72
1043
19
240
-497
65
661
-178
543
152
627
556
-46
1338
444
-324
120
1270
681
155
-500
159
505
477
202
1329
610
39
-262
109
756
-117
-233
1221
389
79
-562
42
13
-104
-599
325
277
-240
-529
61
64
141
-567
217
529
542
-414
292
455
-4
-18
682
189
-518
33
462
237
-493
590
981
738
389
254
1189
372
-121
326
866
442
-453
-394
946
33
372
-441
1133
278
-295
-250
12
568
93
-352
1059
370
69
454
204
430
308
420
436
667
-473
251
1192
309
168
105
467
104
-566
13
1173
414
378
594
273
560
108
585
152
268
53
-118
1163
618
573
-46
1320
631
241
77
318
515
257
73
342
384
443
-301
980
203
-364
-458
480
147
428
-407
882
735
-165
-281
340
450
-364
433
428
410
-197
-381
127
621
473
-256
305
293
-534
-229
445
619
-572
-243
846
25
465
-435
1151
528
410
-351
593
126
79
260
1323
35
-177
480
324
717
-551
-171
41
168
-127
-212
107
98
247
-559
777
43
-323
309
146
41
-169
127
1233
205
-460
86
878
594
-357
547
219
207
455
-360
606
403
367
594
187
340
448
-180
621
428
414
481
43
252
187
-241
195
214
-368
-117
228
286
157
63
399
753
32
261
1223
419
95
381
680
391
-262
233
259
642
-568
-587
1052
130
598
243
459
310
-371
-371
448
152
321
-176
337
311
-535
450
661
688
597
477
996
11
227
413
620
650
-194
-120
677
244
115
-323
400
538
-5
124
852
63
-194
585
1136
422
-476
-84
914
167
-379
-213
1217
505
362
-422
228
367
546
-482
905
204
585
-462
1116
437
-213
-448
75
619
-350
-586
646
727
-596
271
248
316
-521
-34
135
440
-213
-217
155
418
544
296
393
465
-370
-328
104
539
441
-340
383
437
-286
-24
255
24
204
-405
556
390
-463
-400
460
666
-339
-78
802
638
-72
-30
375
57
-538
291
1296
33
-353
-225
535
692
-208
-301
676
464
-417
-400
1016
413
545
-262
473
513
-460
-255
778
233
234
448
226
752
-77
115
1318
534
-548
-460
379
209
-137
-130
210
560
-489
6
797
508
-277
408
774
680
251
-24
911
751
523
-501
530
290
-124
287
1112
91
129
-90
670
570
-574
-497
254
116
-32
-166
1326
182
-562
467
986
533
-222
47
644
112
-475
52
687
67
-420
-500
320
370
466
-278
1101
273
-594
-25
790
369
-194
103
989
222
172
-18
56
154
-564
-471
625
722
-52
428
758
545
-527
-56
597
614
-457
198
179
403
481
-106
1239
533
138
9
133
305
-463
491
1024
66
-578
-58
341
69
-264
538
721
427
386
62
993
355
531
358
403
157
445
365
554
556
-374
145
738
341
-314
190
283
431
-83
166
699
681
-594
163
789
207
-478
-341
359
137
409
187
744
18
-436
-597
873
653
43
-138
1056
635
38
140
988
453
136
30
1214
357
-441
65
1041
479
-338
-119
1286
667
-546
513
330
602
-57
-557
1036
307
-547
199
39
401
-368
472
102
431
-80
247
